# Nota: C-Order, 1 refers to the Y axis, 2 to the X axis 
# Calibration done at Mon Jun  5 12:58:02 2023
poni_version: 2
Detector: Pilatus1M
Detector_config: {}
Distance: 0.23084793135765136
Poni1: 0.11330959732480266
Poni2: 0.09263965415640635
Rot1: 0.0014340153910321366
Rot2: -0.0026727067082512003
Rot3: 0.0
Wavelength: 9.762535309700809e-11
