# Nota: C-Order, 1 refers to the Y axis, 2 to the X axis 
# Calibration done at Fri Apr 14 10:11:06 2023
poni_version: 2
Detector: Pilatus1M
Detector_config: {}
Distance: 0.22782752412765073
Poni1: 0.11242739821061383
Poni2: 0.09229113566201202
Rot1: 0.0
Rot2: 6.011112848230158e-05
Rot3: 0.0
Wavelength: 9.762535309700809e-11
