# Nota: C-Order, 1 refers to the Y axis, 2 to the X axis 
# Calibration done at Fri Apr 14 15:52:37 2023
poni_version: 2
Detector: Pilatus1M
Detector_config: {}
Distance: 0.22693753417764245
Poni1: 0.10871884672266335
Poni2: 0.09269505064653222
Rot1: 0.0017636597748758203
Rot2: 0.015417910591124635
Rot3: 0.00027471846296418253
Wavelength: 9.762535309700809e-11
