# Nota: C-Order, 1 refers to the Y axis, 2 to the X axis 
# Calibration done at Fri Apr 14 09:00:26 2023
poni_version: 2
Detector: Pilatus1M
Detector_config: {}
Distance: 0.22874738718797144
Poni1: 0.1068
Poni2: 0.0922294749643884
Rot1: 0.0
Rot2: 0.024612933420553554
Rot3: 2.125256839121416e-07
Wavelength: 9.762535309700809e-11
